328822323 
108024942 
1060948930 
805474929 
724660937 
824433182 
251735023 
516328344 
411705794 
52053554 
15764077 142
81128241 143
565226954 144
543416934 146
566705325 142
945710105 143
858079300 145
829543260 145
195835814 143
701121408 140
10698472 145
612536737 140
349535341 
497031968 
273730790 142
235189908 144
139599723 142
908115693 144
776567525 142
473117989 148
447606534 142
211496778 143
565869943 145
480504845 145
1044416126 144
124307805 144
294644333 140
151092163 143
496748784 
306017655 
554117110 
554598973 
