874279829 
371557590 
697508153 
773086319 
479466343 
1053418319 
312467266 
381699398 
64131449 
780981227 
280493889 
1000353031 
205380965 
967381300 
341876386 
72087876 
704465635 
19574771 
220917260 
742548050 
594225770 
83696218 334
930445893 335
480069775 337
324543922 345
156238569 341
1007215397 357
161547341 342
317189227 349
437749741 341
585274826 344
1034175037 347
219233449 356
134138604 339
104211783 343
977988349 340
925369071 343
25043904 338
780883478 345
535038514 345
903221549 353
644358994 348
33545768 348
26852384 336
332724298 339
292576079 339
688388212 336
24557111 342
678867698 348
547644087 337
75739908 338
246136925 345
737853205 344
969107739 352
501393015 348
365174003 340
407898185 359
373639999 343
197468997 339
521234799 343
403897549 362
689147724 351
472506542 359
1002203505 334
631083461 338
52192378 338
335974042 342
425508889 344
1066218144 356
682965886 343
1007029648 347
793419220 337
225691695 342
201344491 346
958839418 345
1018385729 348
342685892 352
841000468 344
496951168 355
936028595 334
475193623 342
590104805 345
930452669 346
321418831 340
60259777 357
1068844131 339
958419270 338
632309426 351
261474542 351
918094543 340
48711173 353
691270902 
369912082 
821677006 
791069022 
232476951 
504589178 
772881470 241
486460772 241
182860086 
740809919 238
577336391 
898112090 239
949886009 239
659382635 240
328842029 
850330304 
473851625 
139778710 
242256502 
375657004 
570826910 238
600072570 
480388192 
513418553 
471841381 
411291181 
438905385 
1008242697 
525522441 240
241975177 
492649990 
253368825 
221328183 
372554704 
