129709688 98
548832368 98
169103930 98
413050257 98
1043680039 98
783841433 98
1054886211 98
129847892 98
663585020 98
53599781 98
725399503 98
404156717 98
362932444 98
673070922 98
282344231 98
892031510 98
885634992 98
843241539 98
994139782 98
341612288 98
759050551 98
577862108 98
371188070 98
709527549 98
291441381 98
227189744 98
357044875 98
129047612 98
16814890 98
182847156 98
262953519 98
39159261 98
39768229 98
522445988 98
78167836 98
629790852 98
101862811 
271771795 
915919628 
1046315252 
